feature1,feature2,feature3,target
1,2,3,6
4,5,6,15
7,8,9,24
2,3,4,9
10,11,12,33
51,25,64,140
84,36,12,132
13,14,15,42
16,17,18,51
19,20,21,60
22,23,24,69
25,26,27,78
28,29,30,87
31,32,33,96
34,35,36,105
37,38,39,114
40,41,42,123
43,44,45,132
46,47,48,141
49,50,51,150
52,53,54,159
55,56,57,168
58,59,60,177
61,62,63,186
64,65,66,195
67,68,69,204
70,71,72,213
